(module Chargingmodule (layer F.Cu) (tedit 590C9B51)
  (fp_text reference REF** (at 9 -1) (layer F.SilkS)
    (effects (font (size 1 1) (thickness 0.15)))
  )
  (fp_text value Chargingmodule (at 9 9.5) (layer F.Fab)
    (effects (font (size 1 1) (thickness 0.15)))
  )
  (fp_line (start 5.5 24.5) (end 11.5 24.5) (layer F.SilkS) (width 0.15))
  (fp_line (start 17 2.5) (end 17 24.5) (layer F.SilkS) (width 0.15))
  (fp_line (start 14.5 0) (end 7 0) (layer F.SilkS) (width 0.15))
  (fp_arc (start 15.5 24.5) (end 16 24.5) (angle -90) (layer F.SilkS) (width 0.15))
  (fp_arc (start 15.5 24.5) (end 15.5 24) (angle -90) (layer F.SilkS) (width 0.15))
  (fp_arc (start 12.5 24.5) (end 12.5 24) (angle -90) (layer F.SilkS) (width 0.15))
  (fp_arc (start 12.5 24.5) (end 13 24.5) (angle -90) (layer F.SilkS) (width 0.15))
  (fp_arc (start 15.75 1.25) (end 16 1.5) (angle 180) (layer F.SilkS) (width 0.15))
  (fp_line (start 17 2.5) (end 16 1.5) (layer F.SilkS) (width 0.15))
  (fp_line (start 15.5 1) (end 14.5 0) (layer F.SilkS) (width 0.15))
  (fp_line (start 17 24.5) (end 16 24.5) (layer F.SilkS) (width 0.15))
  (fp_line (start 15 24.5) (end 13 24.5) (layer F.SilkS) (width 0.15))
  (fp_line (start 11.5 24.5) (end 12 24.5) (layer F.SilkS) (width 0.15))
  (fp_line (start 11.5 24.5) (end 12 24.5) (layer F.SilkS) (width 0.15))
  (fp_line (start 15 24.5) (end 13 24.5) (layer F.SilkS) (width 0.15))
  (fp_line (start 17 24.5) (end 16 24.5) (layer F.SilkS) (width 0.15))
  (fp_line (start 15.5 1) (end 14.5 0) (layer F.SilkS) (width 0.15))
  (fp_line (start 17 2.5) (end 16 1.5) (layer F.SilkS) (width 0.15))
  (fp_arc (start 15.75 1.25) (end 16 1.5) (angle 180) (layer F.SilkS) (width 0.15))
  (fp_arc (start 12.5 24.5) (end 13 24.5) (angle -90) (layer F.SilkS) (width 0.15))
  (fp_arc (start 12.5 24.5) (end 12.5 24) (angle -90) (layer F.SilkS) (width 0.15))
  (fp_arc (start 15.5 24.5) (end 15.5 24) (angle -90) (layer F.SilkS) (width 0.15))
  (fp_arc (start 15.5 24.5) (end 16 24.5) (angle -90) (layer F.SilkS) (width 0.15))
  (fp_line (start 14.5 0) (end 7 0) (layer F.SilkS) (width 0.15))
  (fp_line (start 17 2.5) (end 17 24.5) (layer F.SilkS) (width 0.15))
  (fp_line (start 0 2.5) (end 0 24.5) (layer F.SilkS) (width 0.15))
  (fp_line (start 2.5 0) (end 10 0) (layer F.SilkS) (width 0.15))
  (fp_arc (start 1.5 24.5) (end 1 24.5) (angle 90) (layer F.SilkS) (width 0.15))
  (fp_arc (start 1.5 24.5) (end 1.5 24) (angle 90) (layer F.SilkS) (width 0.15))
  (fp_arc (start 4.5 24.5) (end 4.5 24) (angle 90) (layer F.SilkS) (width 0.15))
  (fp_arc (start 4.5 24.5) (end 4 24.5) (angle 90) (layer F.SilkS) (width 0.15))
  (fp_arc (start 1.25 1.25) (end 1 1.5) (angle -180) (layer F.SilkS) (width 0.15))
  (fp_line (start 0 2.5) (end 1 1.5) (layer F.SilkS) (width 0.15))
  (fp_line (start 1.5 1) (end 2.5 0) (layer F.SilkS) (width 0.15))
  (fp_line (start 0 24.5) (end 1 24.5) (layer F.SilkS) (width 0.15))
  (fp_line (start 2 24.5) (end 4 24.5) (layer F.SilkS) (width 0.15))
  (fp_line (start 5.5 24.5) (end 5 24.5) (layer F.SilkS) (width 0.15))
  (fp_line (start 5.5 24.5) (end 5 24.5) (layer F.SilkS) (width 0.15))
  (fp_line (start 2 24.5) (end 4 24.5) (layer F.SilkS) (width 0.15))
  (fp_line (start 0 24.5) (end 1 24.5) (layer F.SilkS) (width 0.15))
  (fp_line (start 1.5 1) (end 2.5 0) (layer F.SilkS) (width 0.15))
  (fp_line (start 0 2.5) (end 1 1.5) (layer F.SilkS) (width 0.15))
  (fp_arc (start 1.25 1.25) (end 1 1.5) (angle -180) (layer F.SilkS) (width 0.15))
  (fp_arc (start 4.5 24.5) (end 4 24.5) (angle 90) (layer F.SilkS) (width 0.15))
  (fp_arc (start 4.5 24.5) (end 4.5 24) (angle 90) (layer F.SilkS) (width 0.15))
  (fp_arc (start 1.5 24.5) (end 1.5 24) (angle 90) (layer F.SilkS) (width 0.15))
  (fp_arc (start 1.5 24.5) (end 1 24.5) (angle 90) (layer F.SilkS) (width 0.15))
  (fp_line (start 2.5 0) (end 10 0) (layer F.SilkS) (width 0.15))
  (fp_line (start 17 2.5) (end 17 24.5) (layer F.SilkS) (width 0.15))
  (fp_line (start 0 2.5) (end 0 24.5) (layer F.SilkS) (width 0.15))
  (pad 3 smd circle (at 15.5 24.5) (size 2 2) (layers F.Cu F.Paste F.Mask))
  (pad 4 smd circle (at 12.5 24.5) (size 2 2) (layers F.Cu F.Paste F.Mask))
  (pad 5 smd circle (at 4.5 24.5) (size 2 2) (layers F.Cu F.Paste F.Mask))
  (pad 6 smd circle (at 1.5 24.5) (size 2 2) (layers F.Cu F.Paste F.Mask))
  (pad 1 smd circle (at 1.25 1.25) (size 2 2) (layers F.Cu F.Paste F.Mask))
  (pad 2 smd circle (at 15.75 1.25) (size 2 2) (layers F.Cu F.Paste F.Mask))
)
